3.625500000000000000e+03 8.768204701424860595e-16 1.733888906070612249e-17
3.629900000000000091e+03 8.677108516627707758e-16 1.748603202453738036e-17
3.634299999999999727e+03 8.774118417819868468e-16 1.771851132387949353e-17
3.638700000000000273e+03 8.060096531767448572e-16 1.727506778741738585e-17
3.643099999999999909e+03 7.670211146686871801e-16 1.688332036949796097e-17
3.647500000000000000e+03 8.091568338186998216e-16 1.669870101530061041e-17
3.651900000000000091e+03 8.127091269516081619e-16 1.624644185497123940e-17
3.656300000000000182e+03 7.506086246538590112e-16 1.560674105375214887e-17
3.660699999999999818e+03 7.315664891666032762e-16 1.509236925353254214e-17
3.665099999999999909e+03 8.379972856022711472e-16 1.488698227568381580e-17
3.669500000000000000e+03 9.024185837733621526e-16 1.453426876872829206e-17
3.673900000000000091e+03 9.344948176155275413e-16 1.424592877056497830e-17
3.678300000000000182e+03 8.429075894004916105e-16 1.358003225508712074e-17
3.682699999999999818e+03 8.172789623916771992e-16 1.308038126219374545e-17
3.687099999999999909e+03 8.257320157806739501e-16 1.256732962749176559e-17
3.691500000000000000e+03 8.744310727936385780e-16 1.233415650594836624e-17
3.695900000000000091e+03 8.672399175085453181e-16 1.203744564438324907e-17
3.700299999999999727e+03 9.884375718335977079e-16 1.232129282678406062e-17
3.704699999999999818e+03 9.110838441613589182e-16 1.176443266857413883e-17
3.709099999999999909e+03 8.588851041426500265e-16 1.130441432386222916e-17
3.713500000000000000e+03 9.711502075924272582e-16 1.148544954749338183e-17
3.717900000000000091e+03 9.276530647651486508e-16 1.111791318940224447e-17
3.722300000000000182e+03 8.656196584206738580e-16 1.074414012311088570e-17
3.726699999999999818e+03 9.465754516214873414e-16 1.104551481228297088e-17
3.731099999999999909e+03 1.024075833148777775e-15 1.132177446655042893e-17
3.735500000000000000e+03 1.060654915169519001e-15 1.140942011531508912e-17
3.739900000000000091e+03 1.004421548805963150e-15 1.138573646310364205e-17
3.744300000000000182e+03 9.905400258510812386e-16 1.115352127624545705e-17
3.748699999999999363e+03 1.038343575563509746e-15 1.130747952003756091e-17
3.753099999999999909e+03 9.483640098003161909e-16 1.104730807774600364e-17
3.757500000000000000e+03 9.517227178074059948e-16 1.095160261526936685e-17
3.761900000000000091e+03 9.092906518167489439e-16 1.095459969552869225e-17
3.766300000000000182e+03 1.025900036143441615e-15 1.141023869939844050e-17
3.770699999999999818e+03 1.026986589570811717e-15 1.160252693011231062e-17
3.775099999999999909e+03 1.107133315041758846e-15 1.201158593578385113e-17
3.779500000000000000e+03 9.697033910707153260e-16 1.176087758548397345e-17
3.783900000000000091e+03 9.320117427535036214e-16 1.174972805485078696e-17
3.788300000000000182e+03 1.011646865573692539e-15 1.213702146929025559e-17
3.792699999999999818e+03 1.167711085829558238e-15 1.276457287990483570e-17
3.797099999999999909e+03 8.510579381550463757e-16 1.194789711208196381e-17
3.801500000000000000e+03 1.095566921044924301e-15 1.275318669277677640e-17
3.805900000000000091e+03 1.170860782422081364e-15 1.308006571936685279e-17
3.810299999999999727e+03 7.999694718937075967e-16 1.202292875549313007e-17
3.814699999999999818e+03 9.359654717356100810e-16 1.255472251551629515e-17
3.819099999999999909e+03 1.155259022776895246e-15 1.314758998286508249e-17
3.823500000000000000e+03 9.228211180150392691e-16 1.242024289578236571e-17
3.827900000000000091e+03 8.172641582017138952e-16 1.208329228801412599e-17
3.832300000000000182e+03 1.263193589775345299e-15 1.326065270091760469e-17
3.836699999999999818e+03 1.133533369738782009e-15 1.268774235413147036e-17
3.841099999999999909e+03 1.225211229971312106e-15 1.268559916127760180e-17
3.845500000000000000e+03 9.857350206585683281e-16 1.182583713521924204e-17
3.849900000000000091e+03 1.004865308751073594e-15 1.162079468279570042e-17
3.854300000000000182e+03 1.280965794620800237e-15 1.207298889620990310e-17
3.858699999999999363e+03 1.505370368403147501e-15 1.271187540907852034e-17
3.863099999999999909e+03 1.481026331547470767e-15 1.261932436632685085e-17
3.867500000000000000e+03 1.316787168868019668e-15 1.174017206148594973e-17
3.871899999999999636e+03 1.118789315087791450e-15 1.080920155533147993e-17
3.876300000000000182e+03 8.257564777957902740e-16 9.633428024208620573e-18
3.880699999999999818e+03 1.244979631756803132e-15 1.070771568568644921e-17
3.885099999999999909e+03 1.418857376527590710e-15 1.092973549276331987e-17
3.889500000000000000e+03 1.574520051574430471e-15 1.113686220906108339e-17
3.893899999999999636e+03 1.404976171424529266e-15 1.045526239378484565e-17
3.898300000000000182e+03 1.446610538442851834e-15 1.044632542193520333e-17
3.902699999999999818e+03 1.317700106189767191e-15 9.920432031007126762e-18
3.907099999999999909e+03 1.131070582728644776e-15 9.467538190049498707e-18
3.911500000000000000e+03 8.416584702097322133e-16 8.445759538841368468e-18
3.915900000000000091e+03 7.911988882434302293e-16 8.181046061976601750e-18
3.920299999999999727e+03 1.122840366460762781e-15 9.068184602026992258e-18
3.924699999999999818e+03 1.420043349586438768e-15 9.835916321344347950e-18
3.929099999999999909e+03 1.524896764199431787e-15 1.003052961228964533e-17
3.933500000000000000e+03 1.488291026915978646e-15 9.835901503038509075e-18
3.937899999999999636e+03 1.537892136967774912e-15 9.887831692747691204e-18
3.942300000000000182e+03 1.664455941654354099e-15 1.040845899739539518e-17
3.946699999999999818e+03 1.756028429951720870e-15 1.057067214880839166e-17
3.951099999999999909e+03 1.576683985929563207e-15 1.015965340771788527e-17
3.955500000000000000e+03 1.513457799448332160e-15 9.974961942070456781e-18
3.959899999999999636e+03 1.357218554673533126e-15 9.656246610594772839e-18
3.964300000000000182e+03 1.142589952252358914e-15 9.136922635248940409e-18
3.968699999999999363e+03 8.326369742457754224e-16 8.273344322467338187e-18
3.973099999999999909e+03 1.188614690191126940e-15 9.424660790522429529e-18
3.977500000000000000e+03 1.363939923787309419e-15 1.000708567426413625e-17
3.981899999999999636e+03 1.498840216441294308e-15 1.039456438431628436e-17
3.986300000000000182e+03 1.514008162080357019e-15 1.038672228698092168e-17
3.990699999999999818e+03 1.755095497701391539e-15 1.105139829322516576e-17
3.995099999999999909e+03 1.721873544131608569e-15 1.098690205956566539e-17
3.999500000000000000e+03 1.639752946209296684e-15 1.090583343046940460e-17
4.003899999999999636e+03 1.665221495561773287e-15 1.097727107082568355e-17
4.008300000000000182e+03 1.434475343099439862e-15 1.057618979335837533e-17
4.012699999999999818e+03 8.487418172087419341e-16 9.164394577570209600e-18
4.017099999999999909e+03 9.707160612274273797e-16 9.429913497957534100e-18
4.021500000000000000e+03 1.489043732495535789e-15 1.071758889817129353e-17
4.025900000000000091e+03 1.543172132245612472e-15 1.073112742230852791e-17
4.030299999999999727e+03 1.607655150103211466e-15 1.091720643448590288e-17
4.034699999999999818e+03 1.607654624960926889e-15 1.088709711153022054e-17
4.039099999999999909e+03 1.501543755390818509e-15 1.061879008441867514e-17
4.043500000000000000e+03 1.237538989295420573e-15 1.000410956329757019e-17
4.047899999999999636e+03 7.827593863277734367e-16 8.726154324894665639e-18
4.052300000000000182e+03 6.230667207675616453e-16 8.163743572458903579e-18
4.056699999999999818e+03 1.102189585622348880e-15 9.333111916664403067e-18
4.061099999999999909e+03 1.517434354073245313e-15 1.055773486350821579e-17
4.065500000000000000e+03 1.607086796169332301e-15 1.122748819107574783e-17
4.069899999999999636e+03 1.739358642264376689e-15 1.124739990955497633e-17
4.074300000000000182e+03 1.864934970507605572e-15 1.121660283854369463e-17
4.078699999999999363e+03 1.796178313562869610e-15 1.077238942643764774e-17
4.083099999999999909e+03 1.958448585189764397e-15 1.090610688936867113e-17
4.087500000000000000e+03 1.837301592953190538e-15 1.047061043199867450e-17
4.091899999999999636e+03 1.995359437367865648e-15 1.061265655453901670e-17
4.096300000000000182e+03 2.007427813291822645e-15 1.035485643588291629e-17
4.100700000000000728e+03 2.045233201465033149e-15 1.036033478969016504e-17
4.105099999999999454e+03 1.984390395918865394e-15 1.002911367737761517e-17
4.109500000000000000e+03 2.036603561268443125e-15 1.011413291491018873e-17
4.113900000000000546e+03 1.817378879602440693e-15 9.416612002353005629e-18
4.118299999999999272e+03 1.969686905214758733e-15 9.716260541163835632e-18
4.122700000000000728e+03 2.049333766892681060e-15 9.956614531117180485e-18
4.127099999999999454e+03 1.878050031324986369e-15 9.542716657037154997e-18
4.131500000000000000e+03 1.969883750280705196e-15 9.656249340312716586e-18
4.135900000000000546e+03 1.982206087918560360e-15 9.681354939154964606e-18
4.140299999999999272e+03 1.880261320189392159e-15 9.400676947595651173e-18
4.144700000000000728e+03 1.918983533291238956e-15 9.340770589467233003e-18
4.149099999999999454e+03 1.817309302863300885e-15 9.122681374708207401e-18
4.153500000000000000e+03 1.907135213927765404e-15 9.423276530108288997e-18
4.157900000000000546e+03 1.852707486508753421e-15 9.237353956045843612e-18
4.162299999999999272e+03 1.715540057529717628e-15 9.100343375996312292e-18
4.166700000000000728e+03 1.854699869602052378e-15 9.478700351642484839e-18
4.171099999999999454e+03 1.813132614489974863e-15 9.433619611099217239e-18
4.175500000000000000e+03 1.759741957983292199e-15 9.279488429232077857e-18
4.179899999999999636e+03 1.519161764634408227e-15 8.822397174415488368e-18
4.184299999999999272e+03 1.124347909698592617e-15 7.993970923916211011e-18
4.188699999999999818e+03 1.233830454479538063e-15 8.307880016664938581e-18
4.193099999999999454e+03 1.540390956857253682e-15 9.103472194093442481e-18
4.197500000000000909e+03 1.681777992599907116e-15 9.450184005299936666e-18
4.201900000000000546e+03 1.784777865498012004e-15 9.788670896604362901e-18
4.206300000000000182e+03 1.792926460281554686e-15 9.862001384677729685e-18
4.210700000000000728e+03 1.845284712845247953e-15 1.014265347880228552e-17
4.215099999999999454e+03 1.770889092001407401e-15 9.750312048134717749e-18
4.219500000000000000e+03 1.824531812204652999e-15 9.793003029937459599e-18
4.223900000000000546e+03 1.956713458608828772e-15 1.010724832740295458e-17
4.228299999999999272e+03 1.814071456387932177e-15 9.795010770320488024e-18
4.232700000000000728e+03 1.914005403581123373e-15 1.003460345089194144e-17
4.237099999999999454e+03 1.859804152210611513e-15 9.955205898551308300e-18
4.241500000000000000e+03 1.806714899383788829e-15 9.830531246070932620e-18
4.245900000000000546e+03 1.919907060543465416e-15 1.010192568658377025e-17
4.250299999999999272e+03 1.947702740218546395e-15 1.015815292648439462e-17
4.254700000000000728e+03 1.887646943683318943e-15 1.005831475772176032e-17
4.259099999999999454e+03 1.732231337082261767e-15 9.698121958316393402e-18
4.263500000000000000e+03 1.790999154278361352e-15 9.807981235857062134e-18
4.267899999999999636e+03 1.850781068851709489e-15 9.924799948698513874e-18
4.272299999999999272e+03 1.860113550898324347e-15 9.857658968576318567e-18
4.276700000000000728e+03 1.907703766214573962e-15 9.890622931151805418e-18
4.281099999999999454e+03 1.910798859765287075e-15 9.894342906259065831e-18
4.285500000000000000e+03 1.772691851169042439e-15 9.613790100639423694e-18
4.289899999999999636e+03 1.855472573860211643e-15 1.078135169191123688e-17
4.294299999999999272e+03 1.955459564017877745e-15 1.075473943346551474e-17
4.298699999999999818e+03 1.972893510000987413e-15 1.052841161021032873e-17
4.303099999999999454e+03 1.895282966697367321e-15 1.010201718299443389e-17
4.307500000000000909e+03 2.040203534636538308e-15 1.023628801499648893e-17
4.311900000000000546e+03 1.704886555708630211e-15 9.321194007892971653e-18
4.316300000000000182e+03 1.892548946183040648e-15 9.541138032371231532e-18
4.320700000000000728e+03 1.906034603538257989e-15 9.423127213696714877e-18
4.325099999999999454e+03 1.889344710387470323e-15 9.194866877662955679e-18
4.329500000000000000e+03 1.994237032778095932e-15 9.199697762524315874e-18
4.333900000000000546e+03 1.961239838326461886e-15 9.074814770437807340e-18
4.338299999999999272e+03 1.900780392652605165e-15 8.780419850238962757e-18
4.342700000000000728e+03 1.946181911323760717e-15 8.716327222298568235e-18
4.347099999999999454e+03 1.859943572568860608e-15 8.589986856511361219e-18
4.351500000000000000e+03 2.053456028703481827e-15 8.919559471144827436e-18
4.355900000000000546e+03 1.992313273369756646e-15 8.709047125148684821e-18
4.360299999999999272e+03 1.768480008648100956e-15 8.208868479501733130e-18
4.364700000000000728e+03 1.965609663995280389e-15 8.532493144563021232e-18
4.369099999999999454e+03 1.959301633678764291e-15 8.491295962028891438e-18
4.373500000000000000e+03 1.918846466880721170e-15 8.314962956924267615e-18
4.377899999999999636e+03 1.742181919760388717e-15 7.908947884871239802e-18
4.382299999999999272e+03 1.896014584099479956e-15 8.203842782293419908e-18
4.386700000000000728e+03 1.685083835540094467e-15 7.802620342767942538e-18
4.391099999999999454e+03 1.607393676887906852e-15 7.598022368342553598e-18
4.395500000000000000e+03 1.594181500672221833e-15 7.612686182489271899e-18
4.399899999999999636e+03 1.690177977198514277e-15 7.835828580609882838e-18
4.404299999999999272e+03 1.878515188212432592e-15 8.232544667225335994e-18
4.408699999999999818e+03 1.948373197886862871e-15 8.393406966956587299e-18
4.413099999999999454e+03 1.656658106022188931e-15 7.917175564466257212e-18
4.417500000000000909e+03 1.758908562268773905e-15 8.134776612837023718e-18
4.421900000000000546e+03 1.735333956329545988e-15 8.145021007433755193e-18
4.426300000000000182e+03 1.387284504795550633e-15 7.484608990262958560e-18
4.430700000000000728e+03 1.142173002821110793e-15 6.954989753037379845e-18
4.435099999999999454e+03 1.568351606220603928e-15 7.853343562108192329e-18
4.439500000000000000e+03 1.685930936157231331e-15 8.148310887405828331e-18
4.443900000000000546e+03 1.760042710052024987e-15 8.345161272469282454e-18
4.448299999999999272e+03 1.880712498275113909e-15 8.603347167639973993e-18
4.452700000000000728e+03 2.026044384664873036e-15 8.920898150420362040e-18
4.457099999999999454e+03 1.953645253340263644e-15 8.814960552619564332e-18
4.461500000000000000e+03 1.926456335814254356e-15 8.798094506033493045e-18
4.465900000000000546e+03 1.850291330939646238e-15 8.713029103228158937e-18
4.470299999999999272e+03 1.979801334831842170e-15 8.961146259281843896e-18
4.474700000000000728e+03 1.648978017909621732e-15 8.397856103314167353e-18
4.479099999999999454e+03 1.875920876051294577e-15 8.827786744257745933e-18
4.483500000000000000e+03 1.895925280748246487e-15 8.896537852041489296e-18
4.487899999999999636e+03 1.956022628634379320e-15 9.009401662122068729e-18
4.492299999999999272e+03 1.905634644949968978e-15 8.924484655592271422e-18
4.496700000000000728e+03 1.823062221115573251e-15 8.801689868215072899e-18
4.501099999999999454e+03 1.966856111779281378e-15 9.087736923951389994e-18
4.505500000000000000e+03 1.887613146139809094e-15 8.935677382720328441e-18
4.509899999999999636e+03 1.990774230487575038e-15 9.123211296270849416e-18
4.514299999999999272e+03 1.976031400247155278e-15 9.076717385825338873e-18
4.518699999999999818e+03 1.996849633987204126e-15 9.101577720451962797e-18
4.523099999999999454e+03 1.952834949078809373e-15 9.046153901559908646e-18
4.527500000000000909e+03 1.929979147057275100e-15 8.995181496816117599e-18
4.531900000000000546e+03 2.012166888899367740e-15 9.164859097526160000e-18
4.536300000000000182e+03 1.953369414910306253e-15 1.012656799673995675e-17
4.540700000000000728e+03 1.998470850005174686e-15 1.072583981543147365e-17
4.545099999999999454e+03 1.926406745876635755e-15 1.030028525907703617e-17
4.549500000000000000e+03 1.872892108612442147e-15 9.918899532255223472e-18
4.553900000000000546e+03 1.880138721558686254e-15 9.675300227051732666e-18
4.558299999999999272e+03 1.957627283558436289e-15 9.595062695846991454e-18
4.562700000000000728e+03 1.953037720195016963e-15 9.371049171347498482e-18
4.567099999999999454e+03 2.110971447558786506e-15 9.513096847276840536e-18
4.571500000000000000e+03 1.982653253444175970e-15 9.071978823990026781e-18
4.575900000000000546e+03 1.983661601922714824e-15 8.813509124871253618e-18
4.580299999999999272e+03 2.019988050149238944e-15 8.865626173576073716e-18
4.584700000000000728e+03 2.012942198102481399e-15 8.586821803588656536e-18
4.589099999999999454e+03 2.019561729538048682e-15 8.543973356360098738e-18
4.593500000000000000e+03 2.081875860106890431e-15 8.453946988420829536e-18
4.597899999999999636e+03 2.220322863489855992e-15 8.579432095895209441e-18
4.602299999999999272e+03 2.164352147076779047e-15 8.463378286336907947e-18
4.606700000000000728e+03 2.094953424989507388e-15 8.238514682247479220e-18
4.611099999999999454e+03 2.083308393235450109e-15 8.105480018655764875e-18
4.615500000000000000e+03 2.047963433276066395e-15 7.952101601058458657e-18
4.619899999999999636e+03 1.926651791140610366e-15 7.687954799338896614e-18
4.624299999999999272e+03 1.925632881225212184e-15 7.632324930403926022e-18
4.628699999999999818e+03 1.946861564424346465e-15 7.655033665590525544e-18
4.633099999999999454e+03 2.087789299677873065e-15 7.877174216643430135e-18
4.637500000000000909e+03 2.066269544607608783e-15 7.786453621284994232e-18
4.641900000000000546e+03 1.969554724853143448e-15 7.554777691943581890e-18
4.646300000000000182e+03 1.980024693672792920e-15 7.569285395827189248e-18
4.650700000000000728e+03 2.036364922948542487e-15 7.635519328929976466e-18
4.655099999999999454e+03 2.121006834254393032e-15 7.760387724327258454e-18
4.659500000000000000e+03 2.046462810139468255e-15 7.658612115854245452e-18
4.663900000000000546e+03 2.118383396206491462e-15 7.761577082626606272e-18
4.668299999999999272e+03 2.128460619389644281e-15 7.746548443667143630e-18
4.672700000000000728e+03 2.077527280662612152e-15 7.709251659280796695e-18
4.677099999999999454e+03 1.985303909784089383e-15 7.582314940033436833e-18
4.681500000000000000e+03 2.059729117393104422e-15 7.723974700275782446e-18
4.685900000000000546e+03 2.069842884079426932e-15 7.753757406429423438e-18
4.690299999999999272e+03 2.049812031024965497e-15 7.744744638035282495e-18
4.694700000000000728e+03 2.065723757942961257e-15 7.818616145180476518e-18
4.699099999999999454e+03 2.070012924900791030e-15 7.846436320350564415e-18
4.703500000000000000e+03 2.182656878866281471e-15 8.089549370189959484e-18
4.707899999999999636e+03 2.125987958685426442e-15 8.044916687657746453e-18
4.712299999999999272e+03 2.120322939876795281e-15 8.085959583611269210e-18
4.716700000000000728e+03 2.139967961750690129e-15 8.185286756649965505e-18
4.721099999999999454e+03 2.139792547693037756e-15 8.082771603657499205e-18
4.725500000000000000e+03 2.112183101886912068e-15 7.953422037967691668e-18
4.729899999999999636e+03 2.065756947378429851e-15 7.912654361155594358e-18
4.734299999999999272e+03 2.036068215108118412e-15 7.869576007278225872e-18
4.738699999999999818e+03 2.063874024181565304e-15 7.956139410877911100e-18
4.743099999999999454e+03 1.940880944478911937e-15 7.774787161357606072e-18
4.747500000000000909e+03 2.058400291729087679e-15 7.987871036510324633e-18
4.751900000000000546e+03 2.013070341701508019e-15 7.927660759304859452e-18
4.756300000000000182e+03 2.134042018390476341e-15 8.143735868255549779e-18
4.760700000000000728e+03 1.979375119401770410e-15 7.922331326301633104e-18
4.765099999999999454e+03 1.891530389707920425e-15 7.790424384644571838e-18
4.769500000000000000e+03 2.042097000596843423e-15 8.052447552237149953e-18
4.773900000000000546e+03 2.052514312850670671e-15 8.077246470380675108e-18
4.778299999999999272e+03 2.014302661214794447e-15 8.021202893609340523e-18
4.782700000000000728e+03 2.077108983656205156e-15 8.143603873840099235e-18
4.787099999999999454e+03 2.031901547299008359e-15 8.067746989775246400e-18
4.791500000000000000e+03 2.058255059795191735e-15 8.148007816926437433e-18
4.795900000000000546e+03 1.975737426604557383e-15 8.018179801467548509e-18
4.800299999999999272e+03 1.942173681663531625e-15 7.967494501807128342e-18
4.804700000000000728e+03 1.929875058422354922e-15 7.976104891449540217e-18
4.809099999999999454e+03 1.992994954243412147e-15 8.080426881549195979e-18
4.813500000000000000e+03 2.034250852090119032e-15 8.174118178039432845e-18
4.817899999999999636e+03 2.084927455295956752e-15 9.855182876136197973e-18
4.822299999999999272e+03 2.080317925175563980e-15 1.029817940233729085e-17
4.826700000000000728e+03 1.935109463987242719e-15 9.775608455164574589e-18
4.831099999999999454e+03 2.005465398208860811e-15 9.720773060217030834e-18
4.835500000000000000e+03 2.025303104541769463e-15 9.572373285049932385e-18
4.839899999999999636e+03 2.053862042204613634e-15 9.422383461654205943e-18
4.844299999999999272e+03 2.055334192269969980e-15 9.227259345874316874e-18
4.848699999999999818e+03 2.067845504739529061e-15 9.013574606168649703e-18
4.853099999999999454e+03 2.029559549044638040e-15 8.796287552652406221e-18
4.857500000000000909e+03 2.050066217875196536e-15 8.651295463592470923e-18
4.861900000000000546e+03 1.931459774831500172e-15 8.265704963520626312e-18
4.866300000000000182e+03 2.008030016246679102e-15 8.283240689768866452e-18
4.870700000000000728e+03 2.040730679208117567e-15 8.179238282862855024e-18
4.875099999999999454e+03 2.109116778582935266e-15 8.196015115370490374e-18
4.879500000000000000e+03 2.062527164545475827e-15 7.943959756549067257e-18
4.883900000000000546e+03 2.001284230444895145e-15 7.717623364973026702e-18
4.888299999999999272e+03 2.005938200225586550e-15 7.658224924317357997e-18
4.892700000000000728e+03 2.114393075987228132e-15 7.702054620802904870e-18
4.897099999999999454e+03 2.027398127244196973e-15 7.515862388578574824e-18
4.901500000000000000e+03 2.070680088125473946e-15 7.510882162670309461e-18
4.905900000000000546e+03 2.011991236874815856e-15 7.333326851577819049e-18
4.910299999999999272e+03 2.035569815939572875e-15 7.291572178779679808e-18
4.914700000000000728e+03 2.084380166921880652e-15 7.282198372344238395e-18
4.919099999999999454e+03 2.085128434521741547e-15 7.240493690758840648e-18
4.923500000000000000e+03 1.977580800729047829e-15 7.028569608121842633e-18
4.927899999999999636e+03 2.010329816145641496e-15 7.025376907937769210e-18
4.932299999999999272e+03 1.980815857399059790e-15 6.920222840774106916e-18
4.936700000000000728e+03 1.964706967227036460e-15 6.747794432347259508e-18
4.941099999999999454e+03 1.908416497708743833e-15 6.751600502422900858e-18
4.945500000000000000e+03 1.892880053188573506e-15 6.695681061712444327e-18
4.949899999999999636e+03 1.809761370193794525e-15 6.563125287467814358e-18
4.954299999999999272e+03 1.676828169648269216e-15 6.343619131296643059e-18
4.958699999999999818e+03 1.445637246168757642e-15 5.928544638092208735e-18
4.963099999999999454e+03 1.348253747038597508e-15 5.765756371082894312e-18
4.967500000000000909e+03 1.644359772495792613e-15 6.283254701468155885e-18
4.971900000000000546e+03 1.671858424660323793e-15 6.229736294267059588e-18
4.976300000000000182e+03 1.809027959562270259e-15 6.537918867687188843e-18
4.980700000000000728e+03 1.903733975897125307e-15 6.678613354566932016e-18
4.985099999999999454e+03 1.871494958825450267e-15 6.645262749279155696e-18
4.989500000000000000e+03 1.843009456252199585e-15 6.628812973791259236e-18
4.993900000000000546e+03 1.962137900955428445e-15 6.835890576094537477e-18
4.998299999999999272e+03 2.073942610761633229e-15 7.029317584511637864e-18
5.002700000000000728e+03 1.996336361294924916e-15 6.948353664717464520e-18
5.007099999999999454e+03 2.052631982893961894e-15 7.076184445000311085e-18
5.011500000000000000e+03 1.919746229317661718e-15 6.912507033976288930e-18
5.015900000000000546e+03 2.030044684293142461e-15 7.143401641325272516e-18
5.020299999999999272e+03 1.824420836941000165e-15 6.877436152799608888e-18
5.024700000000000728e+03 1.881340111926556002e-15 7.039568834703029242e-18
5.029099999999999454e+03 2.040274011509377255e-15 7.358048649376543079e-18
5.033500000000000000e+03 2.006187788241754835e-15 7.343790141762379591e-18
5.037899999999999636e+03 1.917587391046469490e-15 7.230394231192959538e-18
5.042299999999999272e+03 1.960484368873188973e-15 7.456118302267765664e-18
5.046700000000000728e+03 2.061160377869466634e-15 7.708905273198074237e-18
5.051099999999999454e+03 2.079716280633975244e-15 7.819832714561113681e-18
5.055500000000000000e+03 2.038596616205133981e-15 7.827547812601932547e-18
5.059899999999999636e+03 1.986131893147674767e-15 7.274322938831818832e-18
5.064299999999999272e+03 2.054976615359382480e-15 7.380084293608018322e-18
5.068699999999999818e+03 1.934510629318955315e-15 7.193997972730660679e-18
5.073099999999999454e+03 1.981892076033408936e-15 7.257843601589882887e-18
5.077500000000000909e+03 2.013638487684246348e-15 7.310430483395903671e-18
5.081900000000000546e+03 1.911082147763990223e-15 7.140112107480483115e-18
5.086300000000000182e+03 1.771967842055859746e-15 6.945482594190034274e-18
5.090700000000000728e+03 1.927801978507341383e-15 7.187195335423950324e-18
5.095099999999999454e+03 1.912591390934670335e-15 7.160439462546134558e-18
5.099500000000000000e+03 1.938333459062314422e-15 7.215084675458119073e-18
5.103900000000000546e+03 1.875923619443637367e-15 7.122534940883076822e-18
5.108299999999999272e+03 2.130706105967751856e-15 7.517012461588373623e-18
5.112700000000000728e+03 2.037058849067036909e-15 7.384510227089804022e-18
5.117099999999999454e+03 1.784594720812783519e-15 6.987882503572929453e-18
5.121500000000000000e+03 1.778438914808523698e-15 6.999922946528730968e-18
5.125899999999999636e+03 1.832457886323279643e-15 7.088491038074630661e-18
5.130300000000000182e+03 1.864134128353989485e-15 7.167772961872459447e-18
5.134700000000000728e+03 1.942860828966942496e-15 7.324422665015309184e-18
5.139099999999999454e+03 1.891155784835544705e-15 9.186666169188103289e-18
5.143500000000000000e+03 1.738367023909860323e-15 9.195068982655750740e-18
5.147899999999999636e+03 1.905210895152726909e-15 9.324079588633859390e-18
5.152299999999999272e+03 1.894075365077781538e-15 9.105089395069266787e-18
5.156700000000000728e+03 1.875533275314128880e-15 8.883190948174569115e-18
5.161099999999999454e+03 1.969900578374235590e-15 8.894611581555061385e-18
5.165500000000000000e+03 2.002279835431818020e-15 8.754366972041237376e-18
5.169900000000000546e+03 1.871168900137779087e-15 8.324280725406313177e-18
5.174300000000000182e+03 1.893586425685527545e-15 8.212955899030226879e-18
5.178700000000000728e+03 1.902518971693778028e-15 8.120194922057638525e-18
5.183099999999999454e+03 1.823292510819285726e-15 7.787455179663474822e-18
5.187500000000000000e+03 1.845736461300765899e-15 7.702085198233629969e-18
5.191899999999999636e+03 1.903127740191838189e-15 7.701440245841714348e-18
5.196299999999999272e+03 1.950904783214768067e-15 7.638470314875813874e-18
5.200700000000000728e+03 1.908440215920484581e-15 7.501673748979145448e-18
5.205099999999999454e+03 1.838156158917754798e-15 7.209959174696323696e-18
5.209500000000000000e+03 1.900924528306485740e-15 7.248672214623146616e-18
5.213900000000000546e+03 1.840034950229035055e-15 7.028753948269171977e-18
5.218299999999999272e+03 1.916110843937763425e-15 7.069113901242051553e-18
5.222700000000000728e+03 1.964353085936124963e-15 7.085223220204906641e-18
5.227099999999999454e+03 1.861035924831122144e-15 6.825230294301732751e-18
5.231500000000000000e+03 1.813734962345141757e-15 6.672218967259962653e-18
5.235899999999999636e+03 1.816945530704460763e-15 6.625186560278594761e-18
5.240300000000000182e+03 1.879910144482622603e-15 6.683924460703607277e-18
5.244700000000000728e+03 1.821571094447312942e-15 6.520926085641866928e-18
5.249099999999999454e+03 1.828819483420469823e-15 6.505039327114217406e-18
5.253500000000000000e+03 1.817945971919282237e-15 6.441796661816288079e-18
5.257899999999999636e+03 1.820251885205213883e-15 6.409192949369052145e-18
5.262299999999999272e+03 1.885968089542003239e-15 6.447153274271609126e-18
5.266700000000000728e+03 1.904335584204892996e-15 6.442499339522145125e-18
5.271099999999999454e+03 1.736644516189628011e-15 6.146451864754079460e-18
5.275500000000000000e+03 1.540050495047936472e-15 5.844305650310342073e-18
5.279900000000000546e+03 1.603415031662575868e-15 5.930905415809502609e-18
5.284300000000000182e+03 1.854404309925599699e-15 6.295378023334660790e-18
5.288700000000000728e+03 1.645518099663050598e-15 5.978348158830962248e-18
5.293099999999999454e+03 1.731703871068121028e-15 6.121560734307160869e-18
5.297500000000000000e+03 1.776165529023526321e-15 6.175160730272732305e-18
5.301899999999999636e+03 1.777677789277224467e-15 6.189235102028152580e-18
5.306299999999999272e+03 1.862075511930666163e-15 6.323675993914630558e-18
5.310700000000000728e+03 1.798741839276602107e-15 6.228251773635400812e-18
5.315099999999999454e+03 1.706456495068248858e-15 6.084161368573165353e-18
5.319500000000000000e+03 1.867741568193098287e-15 6.324263554310039243e-18
5.323900000000000546e+03 1.833472313145956158e-15 6.307716740857868496e-18
5.328299999999999272e+03 1.946296024481812278e-15 6.485458505329126852e-18
5.332700000000000728e+03 1.731123858701432112e-15 6.190496943699139939e-18
5.337099999999999454e+03 1.826157083144167061e-15 6.336624460197908462e-18
5.341500000000000000e+03 1.812074872680545993e-15 6.316565086179530314e-18
5.345899999999999636e+03 1.918836746047977288e-15 6.501470237787539476e-18
5.350300000000000182e+03 1.942788455105329539e-15 6.542803856029429612e-18
5.354700000000000728e+03 1.892378038510921458e-15 6.480177371458089715e-18
5.359099999999999454e+03 1.857449006315020894e-15 6.451539165041519012e-18
5.363500000000000000e+03 1.880638769047590432e-15 6.511120544394635003e-18
5.367899999999999636e+03 1.903689159589142042e-15 6.591687690078089773e-18
5.372299999999999272e+03 1.664852201120752066e-15 6.230650850710204864e-18
5.376700000000000728e+03 1.641497821745109957e-15 6.239107664884267070e-18
5.381099999999999454e+03 1.741740755751038417e-15 6.432535507944825270e-18
5.385500000000000000e+03 1.848483919286653295e-15 6.632237641756613922e-18
5.389900000000000546e+03 1.854974921463116638e-15 6.688479112248574093e-18
5.394300000000000182e+03 1.910164475671819826e-15 6.815962176463333313e-18
5.398700000000000728e+03 1.977928852558947222e-15 6.975093950121650584e-18
5.403099999999999454e+03 1.937042052057366637e-15 6.980513234460302243e-18
5.407500000000000000e+03 1.812654185960372693e-15 6.845139040227564454e-18
5.411899999999999636e+03 1.900877552639292999e-15 7.060228621066581296e-18
5.416299999999999272e+03 1.947614731976835380e-15 7.217139987613899663e-18
5.420700000000000728e+03 1.987714860573799695e-15 7.365623006566702992e-18
5.425099999999999454e+03 1.897890677131941993e-15 7.316880451130494700e-18
5.429500000000000000e+03 1.911918978160485528e-15 7.426011599333889208e-18
5.433900000000000546e+03 1.830665930829152536e-15 7.400451332121888121e-18
5.438299999999999272e+03 1.689796066324762798e-15 7.260697242865403693e-18
5.442700000000000728e+03 1.865297236682122288e-15 7.691464646678877582e-18
5.447099999999999454e+03 1.857295746612354385e-15 7.190428188346781220e-18
5.451500000000000000e+03 1.821601143051863472e-15 6.896192123326857349e-18
5.455899999999999636e+03 1.849133730200117300e-15 7.011977724717463098e-18
5.460300000000000182e+03 1.844493843165275017e-15 7.109951386734497367e-18
5.464700000000000728e+03 1.940929489527930902e-15 7.334138256465652224e-18
5.469099999999999454e+03 1.966896308617165434e-15 7.489170714415792863e-18
5.473500000000000000e+03 1.859488036347396245e-15 7.426335638198847860e-18
5.477899999999999636e+03 1.811417257190328174e-15 7.462180354610625342e-18
5.482299999999999272e+03 1.762332061086491032e-15 7.478740772834255157e-18
5.486700000000000728e+03 1.908793677131223431e-15 7.802185576975954866e-18
5.491099999999999454e+03 1.867809106821613184e-15 7.806042662338668756e-18
5.495500000000000000e+03 1.867316574434505420e-15 7.843373613619314963e-18
5.499900000000000546e+03 1.857222222027051684e-15 7.855627475175902854e-18
5.504300000000000182e+03 1.790284861894250953e-15 1.042548362829613147e-17
5.508700000000000728e+03 1.738976031416003385e-15 1.058585463484278627e-17
5.513099999999999454e+03 1.815070266467440712e-15 1.038060481357939449e-17
5.517500000000000000e+03 1.709107442743619915e-15 1.003496998916393097e-17
5.521899999999999636e+03 1.770197794365499702e-15 9.962734837363440700e-18
5.526299999999999272e+03 1.849538127321122650e-15 9.925785012264561847e-18
5.530700000000000728e+03 1.872313228087203266e-15 9.797326317244991234e-18
5.535099999999999454e+03 1.831729503441720827e-15 9.550946926499021390e-18
5.539500000000000000e+03 1.847321537236037210e-15 9.484135387618230506e-18
5.543900000000000546e+03 1.774565449640766935e-15 9.288695443527457313e-18
5.548299999999999272e+03 1.813124940131146611e-15 9.276570650375793617e-18
5.552700000000000728e+03 1.898898186558400322e-15 9.391545201442640272e-18
5.557099999999999454e+03 1.808132660818185599e-15 9.215683532305609525e-18
5.564100000000000364e+03 1.627224331930507953e-15 2.946363564878539570e-17
5.572100000000000364e+03 1.650305299212018721e-15 2.378324373855621954e-17
5.580100000000000364e+03 1.660890782823048512e-15 2.671669198088542552e-17
5.588100000000000364e+03 1.624534584332222691e-15 1.590517323019172913e-17
5.596100000000000364e+03 1.688644731663867688e-15 1.369701788157550687e-17
5.604100000000000364e+03 1.692698502410187542e-15 1.200501400728225675e-17
5.612100000000000364e+03 1.696076327586113054e-15 1.073976141314468405e-17
5.620100000000000364e+03 1.674825926465793872e-15 9.871327293221402603e-18
5.628100000000000364e+03 1.688213594763893554e-15 9.200444946394978992e-18
5.636100000000000364e+03 1.727512721426029819e-15 8.776193981268939417e-18
5.644100000000000364e+03 1.688236996091954227e-15 8.367421389649183240e-18
5.652100000000000364e+03 1.728809521256509355e-15 8.161132855868453249e-18
5.660100000000000364e+03 1.758613347418535895e-15 8.029301805090573956e-18
5.668100000000000364e+03 1.747638769089868651e-15 7.863560636886119756e-18
5.676100000000000364e+03 1.721389852542284699e-15 7.848285016665216320e-18
5.684100000000000364e+03 1.697199088882702984e-15 7.759504748868320286e-18
5.692100000000000364e+03 1.728018482884256810e-15 7.992180008144341989e-18
5.700100000000000364e+03 1.658584240626226037e-15 8.068441652223005175e-18
5.708100000000000364e+03 1.652447591435833837e-15 8.070106090546614948e-18
5.716100000000000364e+03 1.640681254021634825e-15 7.797443868033209358e-18
5.724100000000000364e+03 1.734857907942992863e-15 8.114878066742638275e-18
5.732100000000000364e+03 1.645799995892928857e-15 8.234126884579447411e-18
5.740100000000000364e+03 1.617586641294382828e-15 1.206269217175033157e-17
5.748100000000000364e+03 1.692975259823381356e-15 1.204269518256919545e-17
5.756100000000000364e+03 1.646686176509023306e-15 1.128785300279921868e-17
5.764100000000000364e+03 1.670624847911898626e-15 1.077865685075198998e-17
5.772100000000000364e+03 1.624056220448034633e-15 1.010871701500534869e-17
5.780100000000000364e+03 1.629273422243298865e-15 9.637453575246090746e-18
5.788100000000000364e+03 1.683154408806821988e-15 9.266980443870352150e-18
5.796100000000000364e+03 1.681338771438480216e-15 8.831822678134443680e-18
5.804100000000000364e+03 1.656864223703129332e-15 8.389536227544825835e-18
5.812100000000000364e+03 1.715244668927190770e-15 8.161375055123216750e-18
5.820100000000000364e+03 1.662444563293051352e-15 7.797206116708661950e-18
5.828100000000000364e+03 1.614029532997714438e-15 7.489094075602880250e-18
5.836099999999999454e+03 1.731681802139473447e-15 7.517196821159627821e-18
5.844100000000000364e+03 1.743106584041606834e-15 7.422071352651893999e-18
5.852100000000000364e+03 1.735858102284425530e-15 7.420536651209201718e-18
5.860100000000000364e+03 1.726827500927382074e-15 7.342990374351869130e-18
5.868100000000000364e+03 1.727714657575471283e-15 7.433929407395096431e-18
5.876100000000000364e+03 1.743610155057712392e-15 7.422001940978810712e-18
5.884100000000000364e+03 1.731765299718997879e-15 7.588952923949077163e-18
5.892100000000000364e+03 1.677852567360413006e-15 8.221593967406915238e-18
5.900100000000000364e+03 1.659118105303449719e-15 7.787385763747518563e-18
5.908100000000000364e+03 1.676475897982206540e-15 7.974744684116246693e-18
5.916100000000000364e+03 1.695054799908561087e-15 7.607123827280404699e-18
5.924100000000000364e+03 1.706206135900144405e-15 7.297711999329316852e-18
5.932100000000000364e+03 1.685054936756243140e-15 7.270695103201090391e-18
5.940100000000000364e+03 1.699966878573808963e-15 7.224606157893697422e-18
5.948100000000000364e+03 1.691834995995767297e-15 9.929009458112805656e-18
5.956100000000000364e+03 1.698611136431399549e-15 9.692029992318156972e-18
5.964100000000000364e+03 1.680602365840713820e-15 9.034112124499640316e-18
5.972100000000000364e+03 1.648191735217543925e-15 8.371941099262682911e-18
5.980100000000000364e+03 1.621287669374612362e-15 7.966382189025747477e-18
5.988100000000000364e+03 1.671502684941117010e-15 7.679556123888684103e-18
5.996100000000000364e+03 1.699068007985803995e-15 7.443654010287149144e-18
6.004100000000000364e+03 1.656281489688163179e-15 7.207115970497243718e-18
6.012100000000000364e+03 1.468869388819616043e-15 6.778400287787005465e-18
6.020100000000000364e+03 1.560566969221283439e-15 6.640772788305831345e-18
6.028100000000000364e+03 1.670110787827017645e-15 6.701336044409217470e-18
6.036100000000000364e+03 1.645510926497927170e-15 6.549588340693576577e-18
6.044100000000000364e+03 1.674375007394049980e-15 6.474795878858856316e-18
6.052100000000000364e+03 1.654878233276652795e-15 6.342904819921007540e-18
6.060100000000000364e+03 1.668594197823239499e-15 6.276900018462879737e-18
6.068100000000000364e+03 1.663648756078143252e-15 6.249085063633678831e-18
6.076100000000000364e+03 1.650045787926144466e-15 6.170925274371636990e-18
6.084100000000000364e+03 1.665282926860140108e-15 6.214555590453727477e-18
6.092100000000000364e+03 1.679708496413369650e-15 6.283691094433752115e-18
6.100100000000000364e+03 1.646939688921648789e-15 6.305519687795689947e-18
6.108100000000000364e+03 1.627841901609741767e-15 6.382412460136219253e-18
6.116100000000000364e+03 1.653597378360584502e-15 6.517162966422572210e-18
6.124100000000000364e+03 1.634696892378094450e-15 6.639358314075121731e-18
6.132100000000000364e+03 1.610483802575903404e-15 6.793088655665091116e-18
6.140100000000000364e+03 1.600088690529003983e-15 6.051359979517674467e-18
6.148100000000000364e+03 1.616688194058782224e-15 6.097499718100397696e-18
6.156100000000000364e+03 1.666834564965700994e-15 6.093066906101535437e-18
6.164100000000000364e+03 1.654229028828697394e-15 6.069448541411264439e-18
6.172100000000000364e+03 1.659205282647675409e-15 8.321381912210926027e-18
6.180100000000000364e+03 1.649503836370611489e-15 8.070841286231637701e-18
6.188100000000000364e+03 1.610869972657053024e-15 7.594368956476035458e-18
6.196100000000000364e+03 1.684596945453656905e-15 7.337625710274686887e-18
6.204100000000000364e+03 1.616049430203026375e-15 6.930821409491195394e-18
6.212100000000000364e+03 1.627947922442580921e-15 6.632307080309031694e-18
6.220100000000000364e+03 1.634604884440839696e-15 6.462243001023134086e-18
6.228100000000000364e+03 1.600654803058464424e-15 6.148217484164885440e-18
6.236100000000000364e+03 1.647402783350618064e-15 6.164379279354366154e-18
6.244100000000000364e+03 1.607288191262418113e-15 5.882359081305004969e-18
6.252100000000000364e+03 1.602093543956329646e-15 5.697591900309675714e-18
6.260100000000000364e+03 1.592080847142934410e-15 5.689587983629247099e-18
6.268100000000000364e+03 1.592160121939608397e-15 5.533131620762802761e-18
6.276099999999999454e+03 1.591661991662551129e-15 5.368584533694959370e-18
6.284100000000000364e+03 1.535905650061496380e-15 5.333459428900844741e-18
6.292100000000000364e+03 1.491530874508214883e-15 5.189682951721681814e-18
6.300100000000000364e+03 1.542381967063336369e-15 6.166495687897117483e-18
6.308100000000000364e+03 1.592370364469317898e-15 5.495474491775448562e-18
6.316100000000000364e+03 1.549505137698035933e-15 5.429034990610604663e-18
6.324100000000000364e+03 1.568768887426661034e-15 5.596803118916775744e-18
6.332100000000000364e+03 1.585020497333151359e-15 5.769581034882112408e-18
6.340100000000000364e+03 1.551658825846932376e-15 5.782503339349880725e-18
6.348100000000000364e+03 1.555148815894012172e-15 5.852699484244222042e-18
6.356100000000000364e+03 9.669353556084988423e-16 9.585633781863357448e+98
6.364100000000000364e+03 0.000000000000000000e+00 1.565327441783347815e+99
6.372100000000000364e+03 1.819352966495117650e-16 1.464229746317155168e+99
6.380100000000000364e+03 1.470135851422793493e-15 5.373930058074544268e-18
6.388100000000000364e+03 1.457442149489060196e-15 6.733903920863263195e-18
6.396100000000000364e+03 1.513392808396597426e-15 7.179696130135144162e-18
6.404100000000000364e+03 1.512244720240301265e-15 6.801144339653600003e-18
6.412100000000000364e+03 1.517835359888866731e-15 7.156412171314115771e-18
6.420100000000000364e+03 1.543640355761958292e-15 7.084781928597338855e-18
6.428100000000000364e+03 1.517926482845955382e-15 6.646305461133165474e-18
6.436100000000000364e+03 1.538840383389635819e-15 6.353168383051116763e-18
6.444100000000000364e+03 1.511538057835089041e-15 6.044665258449228292e-18
6.452100000000000364e+03 1.543877064564225435e-15 5.849242914874913587e-18
6.460100000000000364e+03 1.576142511318913459e-15 5.688369582114420544e-18
6.468100000000000364e+03 1.518954388790825089e-15 5.495329111829628398e-18
6.476100000000000364e+03 1.529161191526847939e-15 5.249082632715093807e-18
6.484100000000000364e+03 1.551032690795782361e-15 5.156821344534786125e-18
6.492100000000000364e+03 1.494846971394737217e-15 4.960551754195320677e-18
6.500100000000000364e+03 1.560941466057698204e-15 5.051578097906958398e-18
6.508100000000000364e+03 1.582589313658397147e-15 4.960552478936355815e-18
6.516100000000000364e+03 1.577265393545662475e-15 4.857488277314705311e-18
6.524100000000000364e+03 1.555203252577589513e-15 4.830022322738485962e-18
6.532100000000000364e+03 1.555183553361051451e-15 4.866029127697138533e-18
6.540100000000000364e+03 1.545282409760581599e-15 4.805319617139159786e-18
6.548100000000000364e+03 1.538440089306143380e-15 4.806641555009078276e-18
6.556100000000000364e+03 1.554255346104337017e-15 4.904203679811556794e-18
6.564100000000000364e+03 1.549927897605539045e-15 4.879450853587745863e-18
6.572100000000000364e+03 1.555285547249976145e-15 4.923769988073835160e-18
6.580100000000000364e+03 1.561610709543006584e-15 5.032127925192159141e-18
6.588100000000000364e+03 1.539239903972993385e-15 5.016177769440949314e-18
6.596100000000000364e+03 1.541960973981968233e-15 5.108211423977292825e-18
6.604100000000000364e+03 1.565992619901203014e-15 5.241362097735592671e-18
6.612100000000000364e+03 1.561342463519329572e-15 5.310106688711630716e-18
6.620100000000000364e+03 1.548448451948858807e-15 5.421625402685488932e-18
6.628100000000000364e+03 1.426265184624750582e-15 5.402296230143007497e-18
6.636100000000000364e+03 1.489831758565702639e-15 4.873785494522969908e-18
6.644100000000000364e+03 1.541221892083178007e-15 4.803454690711188093e-18
6.652100000000000364e+03 1.513974761212971221e-15 4.747818161752602103e-18
6.660100000000000364e+03 1.515841473465452079e-15 4.764375429453452175e-18
6.668100000000000364e+03 1.511337972503634865e-15 4.852930436559570594e-18
6.676100000000000364e+03 1.507565312550744480e-15 6.374350997646981026e-18
6.684100000000000364e+03 1.494635425003801719e-15 6.046184280657105218e-18
6.692100000000000364e+03 1.374512435395928184e-15 5.615332318632047893e-18
6.700100000000000364e+03 1.287833424133517981e-15 5.264940292328451547e-18
6.708100000000000364e+03 1.409367026885299867e-15 5.243003972342801017e-18
6.716099999999999454e+03 1.563753027222543485e-15 5.290112820095038855e-18
6.724100000000000364e+03 1.521546228034649228e-15 5.060453911341296703e-18
6.732100000000000364e+03 1.481742521384903728e-15 4.875827289856447737e-18
6.740100000000000364e+03 1.502793699242282569e-15 4.782183298478465433e-18
6.748100000000000364e+03 1.513068786905070464e-15 4.709838381936361218e-18
6.756100000000000364e+03 1.530113043808934194e-15 4.662308791267548217e-18
6.764100000000000364e+03 1.500518824676534872e-15 4.557807390343505410e-18
6.772100000000000364e+03 1.495703008829105865e-15 4.479126554894479681e-18
6.780100000000000364e+03 1.495522527270018283e-15 4.440548601557169273e-18
6.788100000000000364e+03 1.512263049166579781e-15 4.419486741607768141e-18
6.796100000000000364e+03 1.483623968978632314e-15 4.355761036415824793e-18
6.804100000000000364e+03 1.472576520729456715e-15 4.321843191408332003e-18
6.812100000000000364e+03 1.488059930945720353e-15 4.337202570510000727e-18
6.820100000000000364e+03 1.484450983329408072e-15 4.328770181528344755e-18
6.828100000000000364e+03 1.490505378556540225e-15 4.478090312843167870e-18
6.836100000000000364e+03 1.471484340392781347e-15 4.453851103785085120e-18
6.844100000000000364e+03 1.476098727862351125e-15 4.409596780012296017e-18
6.852100000000000364e+03 1.450997284068123944e-15 4.415064085999241946e-18
6.860100000000000364e+03 1.459939755822902283e-15 4.623355495933190680e-18
6.868100000000000364e+03 1.463485768909935844e-15 4.216298398076690076e-18
6.876100000000000364e+03 1.449995251099165615e-15 4.247973909958006139e-18
6.884100000000000364e+03 1.446706667959981838e-15 4.635161044481121193e-18
6.892100000000000364e+03 1.419173884537733066e-15 4.626423341774681130e-18
6.900100000000000364e+03 1.464766394880605699e-15 4.853747116385847818e-18
6.908100000000000364e+03 1.437230644912125794e-15 4.940837055991081748e-18
6.916100000000000364e+03 1.457746456067841485e-15 4.410511604875876020e-18
6.924100000000000364e+03 1.422357974080409926e-15 4.337609694559787917e-18
6.932100000000000364e+03 1.420580558912967816e-15 4.178883551391067560e-18
6.940100000000000364e+03 1.425814205416010750e-15 4.169660080229683699e-18
6.948100000000000364e+03 1.422386676924634469e-15 4.264967341867004175e-18
6.956100000000000364e+03 1.435444228236167697e-15 5.112207552044700553e-18
6.964100000000000364e+03 1.445451462039491582e-15 5.389254327626127783e-18
6.972100000000000364e+03 1.442063959407216078e-15 5.190508655709312791e-18
6.980100000000000364e+03 1.415696150150059500e-15 5.027869427150687870e-18
6.988100000000000364e+03 1.435710673643378832e-15 4.752290012881441457e-18
6.996100000000000364e+03 1.414782495810837417e-15 4.569428511096489273e-18
7.004100000000000364e+03 1.434933276863188316e-15 4.489087631726410029e-18
7.012100000000000364e+03 1.455436185483512508e-15 4.431035763132925951e-18
7.020100000000000364e+03 1.433866522843642208e-15 4.249076234232696222e-18
7.028100000000000364e+03 1.461438261337699892e-15 4.197819479018832741e-18
7.036100000000000364e+03 1.464601964869892990e-15 4.121772838619431264e-18
7.044100000000000364e+03 1.469299556587599053e-15 4.106353462095633654e-18
7.052100000000000364e+03 1.455027584582845167e-15 4.023756205822025442e-18
7.060100000000000364e+03 1.448781011215509287e-15 3.924385007955170824e-18
7.068100000000000364e+03 1.437649469974517917e-15 3.883848325194145248e-18
7.076100000000000364e+03 1.437050582230079255e-15 3.850890853195670111e-18
7.084100000000000364e+03 1.439585518266885811e-15 3.827538066795141414e-18
7.092100000000000364e+03 1.433094099858974580e-15 3.800109084589637049e-18
7.100100000000000364e+03 1.445032137074771574e-15 3.782309469165311810e-18
7.108100000000000364e+03 1.447840821727493093e-15 3.790484713412974133e-18
7.116100000000000364e+03 1.452806267235909994e-15 3.784902715794529300e-18
7.124100000000000364e+03 1.419963854054361470e-15 3.734263545996597694e-18
7.132100000000000364e+03 1.453128404669906182e-15 3.817573906106030273e-18
7.140100000000000364e+03 1.441487136062945897e-15 3.836749493030398758e-18
7.148100000000000364e+03 1.419434356583466569e-15 3.857218863969027093e-18
7.156099999999999454e+03 1.435962674839799388e-15 3.900831416445870627e-18
7.164100000000000364e+03 1.400357550139756755e-15 3.893447664921624675e-18
7.172100000000000364e+03 1.383051327016828236e-15 3.866601636402180188e-18
7.180100000000000364e+03 1.384175648490685777e-15 3.942596105035671417e-18
7.188100000000000364e+03 1.384993333698773582e-15 3.904403158824131569e-18
7.196100000000000364e+03 1.389403982905885826e-15 4.100362894579541129e-18
7.204100000000000364e+03 1.338573552864373006e-15 4.101863694447063136e-18
7.212100000000000364e+03 1.371479774448286651e-15 4.430463312739217387e-18
7.220100000000000364e+03 1.395605140563740020e-15 3.909167875364553167e-18
7.228100000000000364e+03 1.372644555300772669e-15 3.784490484895953137e-18
7.236100000000000364e+03 1.287613634521412455e-15 3.729373909357858174e-18
7.244100000000000364e+03 1.282042447954611641e-15 3.951591252878057964e-18
7.252100000000000364e+03 1.301644384559776946e-15 3.697349634658182185e-18
7.260100000000000364e+03 1.295705280242412585e-15 3.778923596712707687e-18
7.268100000000000364e+03 1.299125758437131498e-15 4.707923753591933072e-18
7.276100000000000364e+03 1.247678570380954000e-15 4.821028117046958906e-18
7.284100000000000364e+03 1.316967441294923900e-15 4.617012735153067403e-18
7.292100000000000364e+03 1.281308520983333241e-15 4.197414336748972307e-18
7.300100000000000364e+03 1.299569179302825719e-15 4.181716181009406117e-18
7.308100000000000364e+03 1.304872273845153019e-15 4.010461278579894806e-18
7.316100000000000364e+03 1.300633013582023553e-15 4.191807221452784987e-18
7.324100000000000364e+03 1.338821849833921698e-15 3.875513547599588398e-18
7.332100000000000364e+03 1.306610858687854315e-15 3.886144966001725147e-18
7.340100000000000364e+03 1.308932477309052766e-15 4.063602071538127249e-18
7.348100000000000364e+03 1.323017673664852893e-15 3.665805609594225146e-18
7.356100000000000364e+03 1.304949327836689144e-15 3.704544514581132842e-18
7.364100000000000364e+03 1.325216436867439771e-15 3.560050261700923488e-18
7.372100000000000364e+03 1.316839997074960479e-15 3.762916021418176115e-18
7.380100000000000364e+03 1.357787038653876373e-15 3.525523549513053015e-18
7.388100000000000364e+03 1.352957956446637556e-15 3.543573736492154714e-18
7.396100000000000364e+03 1.350018158697832560e-15 3.536232133701257909e-18
7.404100000000000364e+03 1.346103432964523599e-15 3.648057590674520330e-18
7.412100000000000364e+03 1.342651040872069604e-15 3.452322315580082082e-18
7.420100000000000364e+03 1.353800299234476139e-15 3.511460850894988971e-18
7.428100000000000364e+03 1.346554908494190023e-15 3.559848313311480306e-18
7.436100000000000364e+03 1.317485502297360623e-15 3.549221263148129966e-18
7.444100000000000364e+03 1.330970665682448193e-15 3.491152506196191602e-18
7.452100000000000364e+03 1.359834046112601840e-15 3.540017924303222612e-18
7.460100000000000364e+03 1.346121642439555476e-15 3.568153330849234933e-18
7.468100000000000364e+03 1.359110085018553905e-15 3.675804262406668106e-18
7.476100000000000364e+03 1.340309836587133622e-15 3.726809267458110238e-18
7.484100000000000364e+03 1.370212310154306332e-15 3.789025540192412561e-18
7.492100000000000364e+03 1.384067546841173027e-15 3.796130424334152076e-18
7.500100000000000364e+03 1.357209586907279000e-15 3.803135132242756344e-18
